255
255
255
255
255
255
255
255
255
255
255
255
255
255
255
255
255
255
255
255
255
255
255
255
255
255
255
255
255
255
255
255
255
255
255
255
255
255
255
255
255
255
255
255
255
255
255
255
255
255
255
255
255
255
255
255
255
255
255
255
255
255
255
255
255
255
255
255
255
255
255
255
255
255
255
255
255
255
255
255
255
255
255
255
255
255
255
255
255
255
255
255
255
255
255
255
255
255
255
255
255
255
255
255
255
255
255
255
255
255
255
255
255
255
255
255
255
255
255
255
255
255
255
255
255
255
255
255
255
255
255
255
255
255
255
255
255
255
255
255
255
255
255
255
255
255
255
255
255
255
255
255
255
255
255
255
255
255
255
255
255
255
255
255
255
255
255
255
255
255
255
255
255
255
255
255
255
255
255
255
0
0
0
0
0
0
0
0
0
0
0
0
0
0
0
0
0
0
0
0
0
0
0
0
0
0
0
0
0
0
0
0
0
0
0
0
0
0
0
0
0
0
0
0
0
0
0
0
0
0
0
0
0
0
0
0
0
0
0
0
0
0
0
0
0
0
0
0
0
0
0
0
0
0
0
0
0
0
0
0
0
0
0
0
0
0
0
0
0
0
0
0
0
0
0
0
0
0
0
0
0
0
0
0
0
0
0
0
0
0
0
0
0
0
0
0
0
0
0
0
0
0
0
0
0
0
0
0
0
0
0
0
0
0
0
0
0
0
0
0
0
0
0
0
0
0
0
0
0
0
0
0
0
0
0
0
0
0
0
0
0
0
0
0
0
0
0
0
0
0
0
0
0
0
0
0
0
0
0
0
128
128
128
128
128
128
128
128
128
128
128
128
128
128
128
128
128
128
128
128
128
128
128
128
128
128
128
128
128
128
128
128
128
128
128
128
128
128
128
128
128
128
128
128
128
128
128
128
128
128
128
128
128
128
128
128
128
128
128
128
128
128
128
128
128
128
128
128
128
128
128
128
128
128
128
128
128
128
128
128
128
128
128
128
128
128
128
128
128
128
128
128
128
128
128
128
128
128
128
128
128
128
128
128
128
128
128
128
128
128
128
128
128
128
128
128
128
128
128
128
127
128
128
129
129
130
132
133
135
137
139
141
143
146
149
152
156
159
163
167
171
175
180
184
189
194
198
203
208
213
218
222
227
231
235
239
243
246
249
251
253
254
255
255
254
253
250
247
243
238
232
225
217
209
199
189
178
166
154
141
128
114
101
87
74
61
49
38
28
19
12
6
2
0
0
2
7
13
22
33
46
60
76
93
112
130
149
168
186
203
218
231
241
249
254
255
253
247
238
225
209
191
171
149
126
103
80
59
40
24
12
4
0
1
8
18
34
53
76
101
127
154
180
203
223
239
250
255
253
246
232
213
189
162
132
103
74
48
27
11
2
0
6
20
40
66
96
129
161
191
218
238
251
255
250
237
215
186
154
118
84
52
27
9
1
2
15
36
66
101
139
175
208
234
250
255
248
230
202
167
128
88
52
24
6
0
8
28
58
97
139
179
215
241
254
253
237
209
171
127
84
45
17
2
2
18
49
89
135
179
218
244
255
248
225
189
143
96
52
19
2
3
22
57
103
152
198
234
253
252
232
195
147
96
49
16
1
7
33
76
127
179
223
249
254
237
199
149
94
45
12
0
12
46
96
152
204
241
255
244
209
158
101
48
12
0
15
53
108
167
218
249
253
230
184
125
66
21
1
9
46
101
163
217
249
253
225
174
112
52
12
0
21
69
132
194
239
255
238
191
128
64
17
0
18
66
132
196
241
255
232
179
112
48
8
2
34
93
163
222
253
246
202
135
66
16
0
25
82
154
218
252
246
202
132
61
12
1
33
97
171
231
255
235
178
103
36
2
12
64
139
210
251
247
199
125
51
6
6
53
127
203
249
248
201
125
49
5
9
60
139
213
253
242
184
103
32
0
22
88
171
236
254
219
143
61
8
7
58
141
218
254
234
166
80
16
2
46
128
210
253
238
171
83
16
2
49
133
215
254
232
158
69
9
8
66
156
231
254
213
128
42
1
25
103
194
250
242
173
80
12
6
66
159
235
253
201
109
27
1
46
137
223
255
215
125
36
0
38
128
218
255
217
126
36
0
40
133
223
255
209
114
27
1
54
152
235
251
189
88
12
9
82
184
250
237
152
52
1
33
127
222
254
202
99
16
8
81
186
251
232
141
40
0
49
152
239
247
171
64
2
30
128
226
253
189
80
6
21
114
218
254
197
87
8
18
112
217
254
195
84
6
22
120
223
253
184
71
2
33
139
236
246
162
49
0
54
168
249
231
128
24
6
89
204
255
199
83
4
30
139
238
243
149
36
2
77
196
255
202
84
4
33
146
243
237
132
24
9
101
218
252
173
52
0
66
189
255
202
80
2
42
163
250
221
103
8
28
143
244
232
118
14
20
132
239
237
126
17
17
127
238
238
126
16
18
132
241
234
118
12
24
143
246
225
103
6
36
163
252
209
80
1
57
189
255
184
52
2
88
218
249
147
24
15
130
243
227
101
4
46
179
255
186
51
2
96
226
243
127
12
30
161
253
199
61
1
89
223
244
128
11
33
168
254
189
49
4
108
236
232
101
2
57
198
253
152
21
22
154
253
195
52
4
112
239
225
87
0
76
218
244
120
6
49
194
253
149
17
30
171
255
171
29
18
152
254
186
40
11
139
251
197
48
8
130
249
202
52
6
127
249
202
52
7
130
250
198
47
9
139
252
189
38
15
152
254
174
27
24
171
255
154
14
40
194
250
126
4
64
218
238
94
0
96
239
215
59
6
137
253
179
27
28
181
253
132
5
66
222
232
80
2
120
250
189
32
25
180
252
128
3
76
231
221
61
8
146
255
158
12
53
215
235
80
2
129
253
171
17
46
210
238
83
2
130
254
166
14
53
218
231
69
7
149
255
143
5
76
236
209
42
22
184
248
103
0
120
253
167
12
60
227
219
49
18
181
248
101
1
127
254
154
6
77
239
199
29
38
210
232
64
12
172
250
103
1
133
255
141
2
97
249
174
12
66
235
202
28
42
218
222
47
25
198
237
66
13
180
246
84
6
163
251
99
2
149
254
112
1
139
255
120
0
132
255
126
0
128
255
128
128
128
128
128
128
128
128
128
128
128
128
128
128
128
128
128
128
128
128
128
128
128
128
128
128
128
128
128
128
128
128
128
128
128
128
128
128
128
128
128
128
128
128
128
128
128
128
128
128
128
128
128
128
128
128
128
128
128
128
128
128
128
128
128
128
128
128
128
128
128
128
128
128
128
128
128
128
128
128
128
128
128
128
128
128
128
128
128
128
128
128
128
128
128
128
128
128
128
128
128
128
128
128
128
128
128
128
128
128
128
128
128
128
128
128
128
128
128
128
128
128
128
128
128
128
128
129
129
129
130
130
131
131
131
131
132
132
132
132
132
132
132
132
131
131
130
130
129
128
128
127
126
125
124
123
122
121
120
119
118
118
117
116
116
116
115
115
115
116
116
117
117
118
119
120
121
123
124
126
128
129
131
133
134
136
138
139
141
142
144
145
146
147
147
147
148
148
147
147
146
145
144
142
141
139
137
135
132
130
128
125
122
120
117
115
112
110
108
106
104
103
102
101
100
100
99
100
100
101
102
104
105
107
110
112
115
118
121
124
127
131
134
138
141
144
147
150
153
155
157
159
161
162
163
163
164
163
162
161
160
158
156
153
150
147
143
140
136
132
128
123
119
115
111
107
103
100
96
93
91
88
86
85
84
84
84
84
85
86
88
91
93
97
100
104
108
113
118
123
127
133
138
143
147
152
157
161
165
168
171
174
176
178
179
179
179
179
178
176
174
171
167
164
159
155
150
145
139
133
128
122
116
110
104
99
94
89
84
80
77
74
71
69
68
68
68
68
70
72
74
78
82
86
91
96
102
108
114
121
127
134
141
147
154
160
166
171
177
181
185
189
191
193
195
195
195
194
193
190
187
184
179
174
169
163
156
149
142
135
128
120
112
105
98
91
84
78
73
67
63
59
56
54
52
52
52
53
55
57
61
65
70
75
82
88
95
103
111
119
127
136
144
152
160
168
175
182
188
194
199
203
206
209
211
211
211
210
208
205
201
197
191
185
178
171
163
154
146
137
128
118
109
100
91
83
75
67
61
54
49
45
41
38
36
36
36
37
39
43
47
52
58
65
72
80
89
98
108
118
127
138
148
157
167
176
185
193
200
207
213
218
222
225
227
227
227
226
223
220
215
210
203
196
188
179
169
159
149
138
127
117
106
95
85
75
66
57
49
42
35
30
26
23
21
20
20
22
24
28
33
39
46
54
63
72
82
93
104
116
127
139
151
162
173
184
194
204
212
220
227
232
237
240
242
243
243
241
238
234
229
222
215
206
197
187
176
164
152
140
128
115
102
90
78
67
56
46
37
29
21
15
11
7
5
4
4
6
9
13
19
26
34
43
53
64
76
88
101
114
128
128
128
128
128
128
128
128
128
128
128
128
128
128
128
128
128
128
128
128
128
128
128
128
128
128
128
128
128
128
128
128
128
128
128
128
128
128
128
128
128
128
128
128
128
128
128
128
128
128
128
128
128
128
128
128
128
128
128
128
128
128
128
128
128
128
128
128
128
128
128
128
128
128
128
128
128
128
128
128
128
128
128
128
128
128
128
128
128
128
128
128
128
128
128
128
128
128
128
128
128
128
128
128
128
128
128
128
128
128
128
128
128
128
128
128
128
128
128
128
128
